Exported on Wednesday, May 30, 2001 20:43
Scale Factor=1.000000
Anim=0
Morph Targets=0
Scale Type=0
Prelight clump=1
Sequence animation=0
Animation frame interval=1
Retain object in world space=0
Link by selection sets=0
Tri strip mesh=1
Limit UVs=0
Limit UV max=16
Weld threshold=0.001000
Weld thresholdUV=0.001000
Backface normals=0
Two sided materials=1
Character studio export=0
Filter top level CS keys=0
Link by selection sets=0
Max native skin=0
Export normals=1
Export lit=1
Colour vertex prelight=1
Weld vertices=1
Default name=default
No extra interpolation keys=0
Texture name case=0
Export labels=0
Generate report file=1
Display report=1
Legacy Options=0
Export HAnim=0
Skin SKA=1
HAnim no matrices=0
HAnim SubHierarchy anim=0
HAnim local space matrices=0

Warning list:
Informational,,Exporter version 3, 1, 0, 0
Informational,,Renderware V3.10
Informational,,3DS Max Version 3100.7.0.1792
Informational,Scene Root,TM=( (1.000 0.000 0.000) (0.000 1.000 0.000) (0.000 0.000 1.000) (0.000 0.000 0.000) ) Det=1.00000
Informational,SKY,TM=( (1.000 0.000 0.000) (0.000 1.000 0.000) (0.000 0.000 1.000) (74444.977 -43443.203 -106932.445) ) Det=1.00000
Informational,L01,TM=( (1.000 0.000 0.000) (0.000 1.000 0.000) (0.000 0.000 1.000) (16000.000 22750.000 0.000) ) Det=1.00000
Informational,Line03,TM=( (1.000 0.000 0.000) (0.000 1.000 0.000) (0.000 0.000 1.000) (79250.000 30750.000 0.000) ) Det=1.00000
Informational,L07,TM=( (0.947 -0.321 0.000) (0.321 0.947 0.000) (0.000 0.000 1.000) (23575.598 -26954.490 0.000) ) Det=1.00000
Informational,L03,TM=( (1.000 0.000 0.000) (0.000 1.000 0.000) (0.000 0.000 1.000) (60013.887 33021.410 -2998.141) ) Det=1.00000
Informational,L05A,TM=( (1.000 0.000 0.000) (0.000 1.000 0.000) (0.000 0.000 1.000) (150208.781 -60553.664 -6157.442) ) Det=1.00000
Informational,L05,TM=( (1.000 0.000 0.000) (0.000 1.000 0.000) (0.000 0.000 1.000) (150208.781 -60553.664 -6157.442) ) Det=1.00000
Informational,L06,TM=( (1.000 0.000 0.000) (0.000 1.000 0.000) (0.000 0.000 1.000) (137078.813 -36422.867 -2207.425) ) Det=1.00000
Informational,murfond,TM=( (1.000 0.000 0.000) (0.000 1.000 0.000) (0.000 0.000 1.000) (100257.078 -46637.133 -26232.266) ) Det=1.00000
Informational,solfond,TM=( (1.000 0.000 0.000) (0.000 1.000 0.000) (0.000 0.000 1.000) (99823.406 -45220.746 -42435.953) ) Det=1.00000
Informational,CYLINDER01,TM=( (-0.743 0.669 0.000) (-0.000 -0.000 1.000) (0.669 0.743 0.000) (139167.406 -88646.023 9072.357) ) Det=1.00000
Informational,CYLINDER02,TM=( (-0.743 0.669 0.000) (-0.000 -0.000 1.000) (0.669 0.743 0.000) (158665.203 -66991.500 9072.354) ) Det=1.00000
Informational,CYLINDER03,TM=( (-0.743 0.669 0.000) (-0.000 -0.000 1.000) (0.669 0.743 0.000) (178249.672 -45240.777 9072.354) ) Det=1.00000
Informational,SARCOFAGE,TM=( (-0.330 -1.973 0.000) (1.973 -0.330 0.000) (0.000 0.000 2.000) (133687.656 9155.822 -32909.605) ) Det=8.00000
Informational,passs,TM=( (1.000 0.000 0.000) (0.000 1.000 0.000) (0.000 0.000 1.000) (137078.813 -36422.867 -2207.425) ) Det=1.00000
Informational,SARCOFAGE01,TM=( (0.765 -1.848 0.000) (1.848 0.765 0.000) (0.000 0.000 2.000) (124071.727 -55636.766 -32909.605) ) Det=8.00000
Informational,PILIER   06,TM=( (0.004 -0.228 -0.000) (0.000 -0.000 0.258) (-0.228 -0.004 0.000) (94629.070 -70316.875 -1659.837) ) Det=0.01337
Informational,CYLINDER04,TM=( (1.000 0.017 0.000) (-0.000 0.000 1.000) (0.017 -1.000 0.000) (94721.195 -61590.574 8612.515) ) Det=1.00000
Informational,CYLINDER05,TM=( (1.000 0.017 0.000) (-0.000 0.000 1.000) (0.017 -1.000 0.000) (94920.633 -90872.422 8649.890) ) Det=1.00000
Informational,CYLINDER06,TM=( (1.000 0.017 0.000) (-0.000 0.000 1.000) (0.017 -1.000 0.000) (95779.063 -119910.359 8612.512) ) Det=1.00000
Informational,CYLINDER07,TM=( (-0.009 -1.000 0.000) (0.000 -0.000 1.000) (-1.000 0.009 0.000) (79502.461 -27697.492 8044.021) ) Det=1.00000
Informational,CYLINDER08,TM=( (-0.009 -1.000 0.000) (0.000 -0.000 1.000) (-1.000 0.009 0.000) (50669.293 -27445.881 8044.017) ) Det=1.00000
Informational,CYLINDER09,TM=( (-0.009 -1.000 0.000) (0.000 -0.000 1.000) (-1.000 0.009 0.000) (21466.396 -27191.020 8044.017) ) Det=1.00000
Informational,SARCOFAGE03,TM=( (-1.861 -0.733 -0.000) (0.733 -1.861 -0.000) (0.000 0.000 -2.000) (128651.805 -37599.918 -7187.621) ) Det=-8.00000
Warning,SARCOFAGE03,Negative scaling detected.
Informational,SARCOFAGE04,TM=( (-1.532 1.286 -0.000) (-1.286 -1.532 -0.000) (0.000 0.000 -2.000) (204543.250 -12169.693 -2731.762) ) Det=-8.00000
Warning,SARCOFAGE04,Negative scaling detected.
Informational,SARCOFAGE05,TM=( (-1.861 -0.733 -0.000) (0.733 -1.861 -0.000) (0.000 0.000 -2.000) (81223.992 -30419.807 7454.040) ) Det=-8.00000
Warning,SARCOFAGE05,Negative scaling detected.
Informational,SARCOFAGE06,TM=( (-1.475 -1.351 -0.000) (1.351 -1.475 -0.000) (-0.000 0.000 -2.000) (158174.641 -15695.989 -1848.995) ) Det=-8.00000
Warning,SARCOFAGE06,Negative scaling detected.
Informational,SARCOFAGE07,TM=( (0.733 -1.861 -0.000) (1.861 0.733 -0.000) (-0.000 0.000 -2.000) (70171.039 7144.609 17427.686) ) Det=-8.00000
Warning,SARCOFAGE07,Negative scaling detected.
Informational,PILIER   08,TM=( (0.004 -0.228 -0.000) (0.000 -0.000 0.258) (-0.228 -0.004 0.000) (94254.070 -48035.141 -1659.837) ) Det=0.01337
Informational,PILIER   09,TM=( (0.004 -0.228 -0.000) (0.000 -0.000 0.258) (-0.228 -0.004 0.000) (95188.070 -102187.703 -1659.837) ) Det=0.01337
Informational,PILIER   10,TM=( (0.004 -0.228 -0.000) (0.000 -0.000 0.258) (-0.228 -0.004 0.000) (95613.070 -126810.234 -1659.837) ) Det=0.01337
Informational,PILIER   11,TM=( (0.228 -0.002 0.000) (0.000 -0.000 0.258) (-0.002 -0.228 -0.000) (93230.070 -27730.363 -2196.837) ) Det=0.01337
Informational,PILIER   12,TM=( (0.228 -0.002 0.000) (0.000 -0.000 0.258) (-0.002 -0.228 -0.000) (70953.969 -27488.363 -2196.837) ) Det=0.01337
Informational,PILIER   13,TM=( (0.228 -0.002 0.000) (0.000 -0.000 0.258) (-0.002 -0.228 -0.000) (30337.285 -27132.363 -2196.837) ) Det=0.01337
Informational,PILIER   14,TM=( (0.228 -0.002 0.000) (0.000 -0.000 0.258) (-0.002 -0.228 -0.000) (14519.421 -26995.363 -2196.837) ) Det=0.01337
Informational,PILIER   15,TM=( (-0.152 -0.170 -0.000) (0.000 -0.000 0.258) (-0.170 0.152 0.000) (129956.641 -99045.516 -1236.454) ) Det=0.01337
Informational,PILIER   16,TM=( (-0.152 -0.170 -0.000) (0.000 -0.000 0.258) (-0.170 0.152 0.000) (144851.641 -82444.773 -1257.752) ) Det=0.01337
Informational,PILIER   17,TM=( (-0.152 -0.170 -0.000) (0.000 -0.000 0.258) (-0.170 0.152 0.000) (172044.156 -52320.926 -1211.348) ) Det=0.01337
Informational,PILIER   18,TM=( (-0.152 -0.170 -0.000) (0.000 -0.000 0.258) (-0.170 0.152 0.000) (182778.359 -40430.082 -1207.146) ) Det=0.01337
Informational,BOUEE10,TM=( (0.688 -0.725 0.000) (0.725 0.688 0.000) (0.000 0.000 1.000) (139910.609 -28123.242 -10401.924) ) Det=1.00000
Informational,BOUEE11,TM=( (1.000 -0.009 0.000) (0.009 1.000 0.000) (0.000 0.000 1.000) (177952.063 10789.922 -10198.791) ) Det=1.00000
Informational,BOUEE12,TM=( (-0.061 -0.998 0.000) (0.998 -0.061 0.000) (0.000 0.000 1.000) (194144.266 -49314.254 -9371.547) ) Det=1.00000
Informational,BOUEE08,TM=( (-0.663 -0.749 0.000) (0.749 -0.663 0.000) (0.000 0.000 1.000) (51702.215 -31352.816 -10143.139) ) Det=1.00000
Informational,socle_sarcophage,TM=( (0.930 0.367 0.000) (-0.367 0.930 0.000) (0.000 0.000 1.000) (94526.813 -4264.218 -42435.953) ) Det=1.00000
Informational,socle_sarcophage01,TM=( (0.930 0.367 0.000) (-0.367 0.930 0.000) (0.000 0.000 1.000) (69910.016 -54782.938 -42435.953) ) Det=1.00000
Informational,socle_sarcophage03,TM=( (0.643 0.766 0.000) (-0.766 0.643 0.000) (0.000 0.000 1.000) (177882.297 -13906.127 -42435.953) ) Det=1.00000
Informational,SARCOFAGE02,TM=( (-1.861 -0.733 0.000) (0.733 -1.861 0.000) (0.000 0.000 2.000) (119135.023 -57191.109 -32945.059) ) Det=8.00000
Informational,socle_sarcophage04,TM=( (0.737 0.676 0.000) (-0.676 0.737 0.000) (0.000 0.000 1.000) (156268.828 -42555.125 -42435.953) ) Det=1.00000
Informational,pied_sarcophage01,TM=( (1.000 0.000 0.000) (0.000 1.000 0.000) (0.000 0.000 1.000) (111458.227 -58121.949 -42435.953) ) Det=1.00000
Informational,BOUEE09,TM=( (0.070 -0.998 0.000) (0.998 0.070 0.000) (0.000 0.000 1.000) (79851.664 23672.951 4197.744) ) Det=1.00000
Informational,BOUEE07,TM=( (0.870 0.492 0.000) (-0.492 0.870 0.000) (0.000 0.000 1.000) (78535.266 -77948.852 4968.635) ) Det=1.00000
Informational,BOUEE01,TM=( (0.492 -0.870 0.000) (0.870 0.492 0.000) (0.000 0.000 1.000) (113256.734 -112326.547 4968.635) ) Det=1.00000
Informational,Part02_l_inv,TM=( (1.000 0.002 -0.000) (0.002 -1.000 0.000) (0.000 -0.000 -1.000) (45993.031 42011.590 2000.000) ) Det=1.00000
Informational,Part01_p_l,TM=( (1.000 0.000 0.000) (0.000 1.000 0.000) (0.000 0.000 1.000) (16000.000 22750.000 0.000) ) Det=1.00000
Informational,Part04_l_e,TM=( (-0.000 -0.997 -0.077) (0.997 0.006 -0.076) (0.077 -0.076 0.994) (84016.672 -61429.246 -4814.537) ) Det=1.00000
Informational,Part06_p_l,TM=( (1.000 0.000 0.000) (0.000 1.000 0.000) (0.000 0.000 1.000) (137078.813 -36422.867 -2207.425) ) Det=1.00000
Informational,Part07_p_l,TM=( (0.955 -0.297 0.000) (0.297 0.955 0.000) (0.000 0.000 1.000) (24237.396 -26337.582 0.000) ) Det=1.00000
Informational,Part05_p_l,TM=( (1.000 0.000 0.000) (0.000 1.000 0.000) (0.000 0.000 1.000) (150208.781 -60553.664 -6157.442) ) Det=1.00000
Informational,Part03_p_l,TM=( (1.000 0.000 0.000) (0.000 1.000 0.000) (0.000 0.000 1.000) (79250.000 30750.000 0.000) ) Det=1.00000
Informational,Part02_l_inv_side,TM=( (1.000 0.002 -0.000) (0.002 -1.000 0.000) (0.000 -0.000 -1.000) (45937.422 37303.320 -7915.652) ) Det=1.00000
Informational,Part01_p_l_side,TM=( (1.000 0.000 0.000) (0.000 1.000 0.000) (0.000 0.000 1.000) (19776.943 19739.895 -1392.371) ) Det=1.00000
Informational,Part04_l_e_side,TM=( (-0.000 -0.997 -0.077) (0.997 0.006 -0.076) (0.077 -0.076 0.994) (88735.508 -75193.023 7167.174) ) Det=1.00000
Informational,Part06_p_l_side,TM=( (1.000 0.000 0.000) (0.000 1.000 0.000) (0.000 0.000 1.000) (132232.141 -37592.195 -16470.375) ) Det=1.00000
Informational,Part07_p_l_side,TM=( (0.956 -0.297 0.000) (0.297 0.955 0.000) (0.000 0.000 1.000) (28171.066 -19548.068 2852.124) ) Det=1.00100
Informational,Part05_p_l_side,TM=( (1.001 0.000 0.000) (0.000 1.000 0.000) (0.000 0.000 1.000) (117280.922 -112456.359 -2954.178) ) Det=1.00100
Informational,Part03_p_l_side,TM=( (1.001 0.000 0.000) (0.000 1.001 0.000) (0.000 0.000 1.000) (71546.680 -6271.945 -2168.234) ) Det=1.00200
Informational,Part01_p_l_side2,TM=( (1.000 0.000 0.000) (0.000 1.000 0.000) (0.000 0.000 1.000) (21066.998 18411.012 -1391.824) ) Det=1.00000
Informational,Part02_l_inv_side2,TM=( (1.000 0.002 -0.000) (0.002 -1.000 0.000) (0.000 -0.000 -1.000) (46074.727 34720.102 -7958.488) ) Det=1.00000
Informational,Part03_p_l_side2,TM=( (0.995 0.000 0.000) (0.000 0.995 0.000) (0.000 0.000 1.000) (80331.633 23049.855 -1688.716) ) Det=0.99003
Informational,Part03_p_l_side3,TM=( (0.999 0.000 0.000) (0.000 0.999 0.000) (0.000 0.000 1.000) (67459.172 -8460.523 -1645.076) ) Det=0.99800
Informational,Part04_l_e_side2,TM=( (-0.000 -0.997 -0.077) (0.997 0.006 -0.076) (0.077 -0.076 0.994) (86184.195 -75174.820 7236.264) ) Det=1.00000
Informational,Part05_p_l_side2,TM=( (0.999 0.000 0.000) (0.000 1.000 0.000) (0.000 0.000 1.000) (117480.047 -105369.555 -2985.522) ) Det=0.99900
Informational,Part05_p_l_side3,TM=( (0.990 0.000 0.000) (0.000 0.980 0.000) (0.000 0.000 1.000) (111102.867 -123855.625 -1847.626) ) Det=0.97020
Informational,Part06_p_l_side2,TM=( (1.001 0.000 0.000) (0.000 1.000 0.000) (0.000 0.000 1.000) (131981.453 -36616.125 -16974.805) ) Det=1.00100
Informational,Part07_p_l_side2,TM=( (0.955 -0.297 0.000) (0.297 0.955 0.000) (0.000 0.000 1.000) (29527.189 -17643.426 2853.582) ) Det=1.00000
Informational,Part02_l_inv_under,TM=( (0.995 0.002 -0.000) (0.002 -1.000 0.000) (0.000 -0.000 -0.995) (46063.316 36010.773 -7963.636) ) Det=0.99002
Informational,Part04_l_e_under,TM=( (-0.000 -0.998 -0.077) (0.997 0.006 -0.076) (0.077 -0.077 0.995) (87446.445 -75168.461 7140.297) ) Det=1.00100
Informational,muraille,TM=( (1.000 0.000 0.000) (0.000 1.000 0.000) (0.000 0.000 1.000) (100254.797 -46719.566 2113.470) ) Det=1.00000
Informational,poteau_light04,TM=( (0.970 0.242 0.000) (-0.242 0.970 0.000) (0.000 0.000 1.000) (139914.625 -28130.244 -31113.510) ) Det=1.00000
Informational,poteau_light05,TM=( (0.500 0.866 0.000) (-0.866 0.500 0.000) (0.000 0.000 1.000) (177959.891 10787.947 -30910.377) ) Det=1.00000
Informational,poteau_light06,TM=( (0.839 -0.545 0.000) (0.545 0.839 0.000) (0.000 0.000 1.000) (194141.875 -49321.965 -30083.133) ) Det=1.00000
Informational,poteau_light02,TM=( (0.326 -0.946 0.000) (0.946 0.326 0.000) (0.000 0.000 1.000) (51695.590 -31357.428 -30854.725) ) Det=1.00000
Informational,poteau_light03,TM=( (0.903 -0.431 0.000) (0.431 0.903 0.000) (0.000 0.000 1.000) (79850.305 23664.994 -16513.842) ) Det=1.00000
Informational,poteau_light01,TM=( (0.000 1.000 0.000) (-1.000 0.000 0.000) (0.000 0.000 1.000) (78543.031 -77946.648 -15742.951) ) Det=1.00000
Informational,poteau_light,TM=( (1.000 0.000 0.000) (0.000 1.000 0.000) (0.000 0.000 1.000) (113258.938 -112334.313 -15742.951) ) Det=1.00000
Informational,Start Position01,TM=( (-1.000 0.017 0.000) (-0.017 -1.000 0.000) (0.000 0.000 1.000) (718.595 3449.550 150.375) ) Det=1.00000
Informational,Lap01,TM=( (1.000 0.000 0.000) (0.000 34.530 0.000) (0.000 0.000 1.000) (-34.773 6155.410 150.375) ) Det=34.53000
Informational,Lap02,TM=( (1.000 0.001 0.000) (-0.001 0.997 0.077) (0.000 -0.077 0.997) (84142.203 -39495.102 -4153.930) ) Det=1.00000
Informational,Lap03,TM=( (-0.154 -0.988 0.000) (0.946 -0.147 0.288) (-0.284 0.044 0.958) (46636.500 -20272.801 3889.730) ) Det=1.00000
Informational,Start Position02,TM=( (-1.000 -0.000 0.000) (0.000 -1.000 0.000) (0.000 0.000 1.000) (-434.767 3089.640 150.375) ) Det=1.00000
Informational,Start Position03,TM=( (-1.000 -0.000 0.000) (0.000 -1.000 0.000) (0.000 0.000 1.000) (703.049 2529.480 150.375) ) Det=1.00000
Informational,Start Position04,TM=( (-1.000 -0.000 0.000) (0.000 -1.000 0.000) (0.000 0.000 1.000) (-469.776 2196.890 150.375) ) Det=1.00000
Informational,Start Position05,TM=( (-1.000 -0.000 0.000) (0.000 -1.000 0.000) (0.000 0.000 1.000) (685.544 1689.250 150.375) ) Det=1.00000
Informational,Start Position06,TM=( (-1.000 -0.000 0.000) (0.000 -1.000 0.000) (0.000 0.000 1.000) (-504.786 1059.080 150.375) ) Det=1.00000
Informational,Start Position07,TM=( (-1.000 -0.000 0.000) (0.000 -1.000 0.000) (0.000 0.000 1.000) (633.029 603.949 150.375) ) Det=1.00000
Informational,Start Position08,TM=( (-1.000 -0.000 0.000) (0.000 -1.000 0.000) (0.000 0.000 1.000) (-504.786 166.328 150.375) ) Det=1.00000
Informational,lum_pied02,TM=( (1.000 0.000 0.000) (0.000 1.000 0.000) (0.000 0.000 1.000) (115650.102 -68841.109 -20188.016) ) Det=1.00000
Informational,Omni386,TM=( (1.000 0.000 0.000) (0.000 1.000 0.000) (0.000 0.000 1.000) (118376.047 -67783.641 -20188.016) ) Det=1.00000
Informational,Omni387,TM=( (1.000 0.000 0.000) (0.000 1.000 0.000) (0.000 0.000 1.000) (114468.156 -66232.141 -20188.016) ) Det=1.00000
Informational,Omni388,TM=( (1.000 0.000 0.000) (0.000 1.000 0.000) (0.000 0.000 1.000) (112924.148 -69839.773 -20188.016) ) Det=1.00000
Informational,Omni389,TM=( (1.000 0.000 0.000) (0.000 1.000 0.000) (0.000 0.000 1.000) (116467.195 -71450.078 -20188.016) ) Det=1.00000
Informational,lum_pied03,TM=( (1.000 0.000 0.000) (0.000 1.000 0.000) (0.000 0.000 1.000) (123097.992 -66003.766 -20188.016) ) Det=1.00000
Informational,Omni390,TM=( (1.000 0.000 0.000) (0.000 1.000 0.000) (0.000 0.000 1.000) (121916.047 -63394.797 -20188.016) ) Det=1.00000
Informational,Omni391,TM=( (1.000 0.000 0.000) (0.000 1.000 0.000) (0.000 0.000 1.000) (120372.039 -67002.430 -20188.016) ) Det=1.00000
Informational,Omni392,TM=( (1.000 0.000 0.000) (0.000 1.000 0.000) (0.000 0.000 1.000) (123915.086 -68612.734 -20188.016) ) Det=1.00000
Informational,Omni393,TM=( (1.000 0.000 0.000) (0.000 1.000 0.000) (0.000 0.000 1.000) (125823.938 -64946.293 -20188.016) ) Det=1.00000
Informational,lum_pied04,TM=( (1.000 0.000 0.000) (0.000 1.000 0.000) (0.000 0.000 1.000) (119088.859 -54904.348 -20188.016) ) Det=1.00000
Informational,Omni394,TM=( (1.000 0.000 0.000) (0.000 1.000 0.000) (0.000 0.000 1.000) (117906.914 -52295.379 -20188.016) ) Det=1.00000
Informational,Omni395,TM=( (1.000 0.000 0.000) (0.000 1.000 0.000) (0.000 0.000 1.000) (116362.906 -55903.012 -20188.016) ) Det=1.00000
Informational,Omni396,TM=( (1.000 0.000 0.000) (0.000 1.000 0.000) (0.000 0.000 1.000) (119905.953 -57513.316 -20188.016) ) Det=1.00000
Informational,Omni397,TM=( (1.000 0.000 0.000) (0.000 1.000 0.000) (0.000 0.000 1.000) (121814.805 -53846.875 -20188.016) ) Det=1.00000
Informational,lum_pied06,TM=( (1.000 0.000 0.000) (0.000 1.000 0.000) (0.000 0.000 1.000) (115650.102 -68841.109 -24905.645) ) Det=1.00000
Informational,Omni402,TM=( (1.000 0.000 0.000) (0.000 1.000 0.000) (0.000 0.000 1.000) (118376.047 -67783.641 -24905.645) ) Det=1.00000
Informational,Omni403,TM=( (1.000 0.000 0.000) (0.000 1.000 0.000) (0.000 0.000 1.000) (114468.156 -66232.141 -24905.645) ) Det=1.00000
Informational,Omni404,TM=( (1.000 0.000 0.000) (0.000 1.000 0.000) (0.000 0.000 1.000) (112924.148 -69839.773 -24905.645) ) Det=1.00000
Informational,Omni413,TM=( (1.000 0.000 0.000) (0.000 1.000 0.000) (0.000 0.000 1.000) (116467.195 -71450.078 -24905.645) ) Det=1.00000
Informational,lum_pied07,TM=( (1.000 0.000 0.000) (0.000 1.000 0.000) (0.000 0.000 1.000) (111422.375 -58014.059 -24905.645) ) Det=1.00000
Informational,Omni398,TM=( (1.000 0.000 0.000) (0.000 1.000 0.000) (0.000 0.000 1.000) (114148.320 -56956.586 -24905.645) ) Det=1.00000
Informational,Omni399,TM=( (1.000 0.000 0.000) (0.000 1.000 0.000) (0.000 0.000 1.000) (110240.430 -55405.090 -24905.645) ) Det=1.00000
Informational,Omni400,TM=( (1.000 0.000 0.000) (0.000 1.000 0.000) (0.000 0.000 1.000) (108696.422 -59012.723 -24905.645) ) Det=1.00000
Informational,Omni401,TM=( (1.000 0.000 0.000) (0.000 1.000 0.000) (0.000 0.000 1.000) (112239.469 -60623.027 -24905.645) ) Det=1.00000
Informational,lum_pied08,TM=( (1.000 0.000 0.000) (0.000 1.000 0.000) (0.000 0.000 1.000) (119088.859 -54904.348 -24905.645) ) Det=1.00000
Informational,Omni409,TM=( (1.000 0.000 0.000) (0.000 1.000 0.000) (0.000 0.000 1.000) (117906.914 -52295.379 -24905.645) ) Det=1.00000
Informational,Omni410,TM=( (1.000 0.000 0.000) (0.000 1.000 0.000) (0.000 0.000 1.000) (116362.906 -55903.012 -24905.645) ) Det=1.00000
Informational,Omni411,TM=( (1.000 0.000 0.000) (0.000 1.000 0.000) (0.000 0.000 1.000) (119905.953 -57513.316 -24905.645) ) Det=1.00000
Informational,Omni412,TM=( (1.000 0.000 0.000) (0.000 1.000 0.000) (0.000 0.000 1.000) (121814.805 -53846.875 -24905.645) ) Det=1.00000
Informational,pilier,TM=( (1.000 0.000 0.000) (0.000 1.000 0.000) (0.000 0.000 1.000) (93300.625 -27637.328 -26829.473) ) Det=1.00000
Informational,pilier01,TM=( (1.000 0.000 0.000) (0.000 1.000 0.000) (0.000 0.000 1.000) (71020.773 -27542.670 -26829.473) ) Det=1.00000
Informational,pilier02,TM=( (1.000 0.000 0.000) (0.000 1.000 0.000) (0.000 0.000 1.000) (30439.492 -27054.109 -26829.473) ) Det=1.00000
Informational,pilier03,TM=( (1.000 0.000 0.000) (0.000 1.000 0.000) (0.000 0.000 1.000) (15126.547 -27418.371 -26829.473) ) Det=1.00000
Informational,pilier04,TM=( (-0.009 1.000 0.000) (-1.000 -0.009 0.000) (0.000 0.000 1.000) (94223.422 -48078.012 -26220.350) ) Det=1.00000
Informational,pilier05,TM=( (-0.009 1.000 0.000) (-1.000 -0.009 0.000) (0.000 0.000 1.000) (94556.453 -70357.367 -26220.350) ) Det=1.00000
Informational,pilier06,TM=( (-0.009 1.000 0.000) (-1.000 -0.009 0.000) (0.000 0.000 1.000) (95321.922 -101854.508 -26220.350) ) Det=1.00000
Informational,pilier07,TM=( (-0.009 1.000 0.000) (-1.000 -0.009 0.000) (0.000 0.000 1.000) (95491.211 -127044.813 -26220.350) ) Det=1.00000
Informational,pilier08,TM=( (0.688 0.725 0.000) (-0.725 0.688 0.000) (0.000 0.000 1.000) (130016.414 -99318.602 -25777.143) ) Det=1.00000
Informational,pilier09,TM=( (0.688 0.725 0.000) (-0.725 0.688 0.000) (0.000 0.000 1.000) (144887.328 -82491.117 -25777.143) ) Det=1.00000
Informational,pilier10,TM=( (0.688 0.725 0.000) (-0.725 0.688 0.000) (0.000 0.000 1.000) (172045.688 -52415.418 -25777.143) ) Det=1.00000
Informational,pilier11,TM=( (0.688 0.725 0.000) (-0.725 0.688 0.000) (0.000 0.000 1.000) (182821.094 -40367.633 -25777.143) ) Det=1.00000
Informational,pilier12,TM=( (-0.008 0.917 0.000) (-0.917 -0.008 0.000) (0.000 0.000 0.917) (113258.938 -112334.313 -29679.570) ) Det=0.77218
Informational,pilier14,TM=( (-0.409 -0.821 0.000) (0.821 -0.409 0.000) (0.000 0.000 0.917) (79810.039 23758.730 -30472.059) ) Det=0.77218
Informational,pilier15,TM=( (-0.917 -0.008 0.000) (0.008 -0.917 0.000) (0.000 0.000 0.917) (78543.031 -77946.648 -29679.570) ) Det=0.77218
Informational,pilier16,TM=( (0.865 0.306 0.000) (-0.306 0.865 0.000) (0.000 0.000 0.917) (51695.590 -31357.428 -44791.344) ) Det=0.77218
Informational,pilier18,TM=( (-0.230 0.888 0.000) (-0.888 -0.230 0.000) (0.000 0.000 0.917) (139914.625 -28130.244 -45050.129) ) Det=0.77218
Informational,pilier19,TM=( (-0.798 0.452 0.000) (-0.452 -0.798 0.000) (0.000 0.000 0.917) (177959.891 10787.949 -44846.996) ) Det=0.77218
Informational,pilier20,TM=( (0.493 0.774 0.000) (-0.774 0.493 0.000) (0.000 0.000 0.917) (194141.875 -49321.965 -44019.750) ) Det=0.77218
Informational,Part03_p_l_under,TM=( (1.000 0.000 0.000) (0.000 1.000 0.000) (0.000 0.000 1.000) (79250.000 30750.000 -21.600) ) Det=1.00000
Informational,Part05_p_l_under,TM=( (1.000 0.000 0.000) (0.000 1.000 0.000) (0.000 0.000 1.000) (117293.469 -111681.563 -3103.042) ) Det=1.00000
Informational,Spot32.Target,TM=( (0.688 -0.725 0.000) (0.000 0.000 1.000) (-0.725 -0.688 0.000) (30382.557 -26702.982 -2009.622) ) Det=1.00000
Informational,Spot32,TM=( (-0.726 -0.688 0.015) (-0.003 0.025 1.000) (-0.688 0.725 -0.020) (21486.328 -17328.313 -2270.967) ) Det=1.00000
Informational,Spot33.Target,TM=( (-0.824 -0.566 0.000) (0.000 0.000 1.000) (-0.566 0.824 0.000) (69542.539 -27114.857 -2009.622) ) Det=1.00000
Informational,Spot33,TM=( (-0.567 0.824 -0.020) (0.006 0.028 1.000) (0.824 0.566 -0.020) (80193.469 -19794.680 -2270.967) ) Det=1.00000
Informational,Spot34.Target,TM=( (-0.824 -0.566 0.000) (0.000 0.000 1.000) (-0.566 0.824 0.000) (91362.469 -27114.857 -2009.622) ) Det=1.00000
Informational,Spot34,TM=( (-0.567 0.824 -0.020) (0.006 0.028 1.000) (0.824 0.566 -0.020) (102013.398 -19794.680 -2270.967) ) Det=1.00000
Informational,Spot35.Target,TM=( (0.695 0.719 0.000) (0.000 0.000 1.000) (0.719 -0.695 0.000) (94396.047 -47308.594 -2009.622) ) Det=1.00000
Informational,Spot35,TM=( (0.718 -0.691 -0.079) (0.043 -0.069 0.997) (-0.695 -0.719 -0.020) (85418.344 -56605.270 -2270.967) ) Det=1.00000
Informational,Spot36.Target,TM=( (0.695 0.719 0.000) (0.000 0.000 1.000) (0.719 -0.695 0.000) (94396.047 -69758.250 -2009.622) ) Det=1.00000
Informational,Spot36,TM=( (0.718 -0.691 -0.079) (0.043 -0.069 0.997) (-0.695 -0.719 -0.020) (85418.344 -79054.922 -2270.967) ) Det=1.00000
Informational,Spot37.Target,TM=( (-0.760 -0.649 0.000) (0.000 -0.000 1.000) (-0.649 0.760 -0.000) (95176.398 -102319.055 -2009.622) ) Det=1.00000
Informational,Spot37,TM=( (-0.650 0.760 -0.017) (0.004 0.026 1.000) (0.760 0.649 -0.020) (105003.813 -93925.664 -2270.967) ) Det=1.00000
Informational,Spot38.Target,TM=( (-0.760 -0.649 0.000) (0.000 -0.000 1.000) (-0.649 0.760 -0.000) (95176.398 -126974.297 -2009.622) ) Det=1.00000
Informational,Spot38,TM=( (-0.650 0.760 -0.017) (0.004 0.026 1.000) (0.760 0.649 -0.020) (105003.813 -118580.906 -2270.967) ) Det=1.00000
Informational,Spot39.Target,TM=( (0.009 1.000 -0.000) (0.000 -0.000 1.000) (1.000 -0.009 -0.000) (130095.117 -98535.000 -2009.622) ) Det=1.00000
Informational,Spot39,TM=( (0.998 -0.007 -0.064) (0.063 -0.021 0.998) (-0.009 -1.000 -0.020) (129982.320 -111458.398 -2270.967) ) Det=1.00000
Informational,Spot40.Target,TM=( (-0.914 -0.407 0.000) (0.000 0.000 1.000) (-0.407 0.914 -0.000) (144817.625 -82457.352 -2009.622) ) Det=1.00000
Informational,Spot40,TM=( (-0.407 0.913 -0.023) (0.009 0.029 1.000) (0.913 0.407 -0.020) (156624.203 -77200.742 -2270.967) ) Det=1.00000
Informational,Spot41.Target,TM=( (-0.914 -0.407 0.000) (0.000 0.000 1.000) (-0.407 0.914 -0.000) (171764.453 -52696.309 -2009.622) ) Det=1.00000
Informational,Spot41,TM=( (-0.407 0.913 -0.023) (0.009 0.029 1.000) (0.913 0.407 -0.020) (183571.031 -47439.699 -2270.967) ) Det=1.00000
Informational,Spot42.Target,TM=( (0.284 -0.959 0.000) (0.000 0.000 1.000) (-0.959 -0.284 0.000) (183022.078 -39968.492 -2009.622) ) Det=1.00000
Informational,Spot42,TM=( (-0.959 -0.284 0.006) (-0.000 0.021 1.000) (-0.284 0.959 -0.020) (179351.516 -27576.793 -2270.967) ) Det=1.00000
Informational,Omni06,TM=( (1.000 0.000 0.000) (0.000 1.000 0.000) (0.000 0.000 1.000) (39362.965 32185.586 -803.836) ) Det=1.00000
Informational,Omni03,TM=( (1.000 0.000 0.000) (0.000 1.000 0.000) (0.000 0.000 1.000) (33182.434 40543.023 -803.836) ) Det=1.00000
Informational,Omni07,TM=( (1.000 0.000 0.000) (0.000 1.000 0.000) (0.000 0.000 1.000) (43367.184 40543.023 -803.836) ) Det=1.00000
Informational,Omni08,TM=( (1.000 0.000 0.000) (0.000 1.000 0.000) (0.000 0.000 1.000) (49547.715 32185.586 -803.836) ) Det=1.00000
Informational,Omni09,TM=( (1.000 0.000 0.000) (0.000 1.000 0.000) (0.000 0.000 1.000) (29185.164 32185.586 -803.836) ) Det=1.00000
Informational,Omni10,TM=( (1.000 0.000 0.000) (0.000 1.000 0.000) (0.000 0.000 1.000) (23004.633 40543.023 -803.836) ) Det=1.00000
Informational,Omni11,TM=( (1.000 0.000 0.000) (0.000 1.000 0.000) (0.000 0.000 1.000) (59714.105 32185.586 -803.836) ) Det=1.00000
Informational,Omni12,TM=( (1.000 0.000 0.000) (0.000 1.000 0.000) (0.000 0.000 1.000) (53533.574 40543.023 -803.836) ) Det=1.00000
Informational,Omni13,TM=( (1.000 0.000 0.000) (0.000 1.000 0.000) (0.000 0.000 1.000) (63742.070 21570.092 -803.836) ) Det=1.00000
Informational,Omni14,TM=( (1.000 0.000 0.000) (0.000 1.000 0.000) (0.000 0.000 1.000) (63742.070 11369.098 -803.836) ) Det=1.00000
Informational,Omni15,TM=( (1.000 0.000 0.000) (0.000 1.000 0.000) (0.000 0.000 1.000) (69193.891 10484.831 -803.836) ) Det=1.00000
Informational,Omni16,TM=( (1.000 0.000 0.000) (0.000 1.000 0.000) (0.000 0.000 1.000) (77258.414 10484.831 -803.836) ) Det=1.00000
Informational,Omni17,TM=( (1.000 0.000 0.000) (0.000 1.000 0.000) (0.000 0.000 1.000) (81274.695 -424.863 -803.836) ) Det=1.00000
Informational,Omni18,TM=( (1.000 0.000 0.000) (0.000 1.000 0.000) (0.000 0.000 1.000) (81274.695 -10595.617 -803.836) ) Det=1.00000
Informational,Omni19,TM=( (1.000 0.000 0.000) (0.000 1.000 0.000) (0.000 0.000 1.000) (70503.492 -14571.657 -803.836) ) Det=1.00000
Informational,Omni20,TM=( (1.000 0.000 0.000) (0.000 1.000 0.000) (0.000 0.000 1.000) (60219.762 -14571.657 -803.836) ) Det=1.00000
Informational,Omni21,TM=( (1.000 0.000 0.000) (0.000 1.000 0.000) (0.000 0.000 1.000) (50083.141 -14571.657 -803.836) ) Det=1.00000
Informational,Omni22,TM=( (1.000 0.000 0.000) (0.000 1.000 0.000) (0.000 0.000 1.000) (40038.656 -12008.145 -803.836) ) Det=1.00000
Informational,Omni23,TM=( (1.000 0.000 0.000) (0.000 1.000 0.000) (0.000 0.000 1.000) (30268.908 -12692.825 -803.836) ) Det=1.00000
Informational,Omni24,TM=( (1.000 0.000 0.000) (0.000 1.000 0.000) (0.000 0.000 1.000) (21424.904 -16987.785 -803.836) ) Det=1.00000
Informational,Omni01,TM=( (1.000 0.000 0.000) (0.000 1.000 0.000) (0.000 0.000 1.000) (85607.641 -51348.461 23.698) ) Det=1.00000
Informational,Omni25,TM=( (1.000 0.000 0.000) (0.000 1.000 0.000) (0.000 0.000 1.000) (10894.004 -17396.844 -803.836) ) Det=1.00000
Informational,Omni26,TM=( (1.000 0.000 0.000) (0.000 1.000 0.000) (0.000 0.000 1.000) (4699.012 -8006.442 -803.836) ) Det=1.00000
Informational,Omni27,TM=( (1.000 0.000 0.000) (0.000 1.000 0.000) (0.000 0.000 1.000) (4033.147 2714.934 -803.836) ) Det=1.00000
Informational,Omni28,TM=( (1.000 0.000 0.000) (0.000 1.000 0.000) (0.000 0.000 1.000) (4033.147 12876.652 -803.836) ) Det=1.00000
Informational,Omni29,TM=( (1.000 0.000 0.000) (0.000 1.000 0.000) (0.000 0.000 1.000) (8661.869 23244.990 -803.836) ) Det=1.00000
Informational,Omni30,TM=( (1.000 0.000 0.000) (0.000 1.000 0.000) (0.000 0.000 1.000) (18289.609 30558.371 -803.836) ) Det=1.00000
Informational,Omni31,TM=( (1.000 0.000 0.000) (0.000 1.000 0.000) (0.000 0.000 1.000) (63919.180 40723.102 -803.836) ) Det=1.00000
Informational,Omni32,TM=( (1.000 0.000 0.000) (0.000 1.000 0.000) (0.000 0.000 1.000) (74575.156 40723.102 -803.836) ) Det=1.00000
Informational,Omni33,TM=( (1.000 0.000 0.000) (0.000 1.000 0.000) (0.000 0.000 1.000) (84422.383 37916.211 -803.836) ) Det=1.00000
Informational,Omni34,TM=( (1.000 0.000 0.000) (0.000 1.000 0.000) (0.000 0.000 1.000) (92051.492 34398.805 -803.836) ) Det=1.00000
Informational,Omni35,TM=( (1.000 0.000 0.000) (0.000 1.000 0.000) (0.000 0.000 1.000) (96300.398 24954.908 -803.836) ) Det=1.00000
Informational,Omni36,TM=( (1.000 0.000 0.000) (0.000 1.000 0.000) (0.000 0.000 1.000) (100414.977 15666.410 -803.836) ) Det=1.00000
Informational,Omni37,TM=( (1.000 0.000 0.000) (0.000 1.000 0.000) (0.000 0.000 1.000) (104641.805 6351.933 -803.836) ) Det=1.00000
Informational,Omni38,TM=( (1.000 0.000 0.000) (0.000 1.000 0.000) (0.000 0.000 1.000) (107790.227 -2886.162 -803.836) ) Det=1.00000
Informational,Omni39,TM=( (1.000 0.000 0.000) (0.000 1.000 0.000) (0.000 0.000 1.000) (107848.555 -12979.677 -803.836) ) Det=1.00000
Informational,Omni40,TM=( (1.000 0.000 0.000) (0.000 1.000 0.000) (0.000 0.000 1.000) (108085.695 -23174.297 -803.836) ) Det=1.00000
Informational,Omni41,TM=( (1.000 0.000 0.000) (0.000 1.000 0.000) (0.000 0.000 1.000) (108085.695 -33267.793 -803.836) ) Det=1.00000
Informational,Omni42,TM=( (1.000 0.000 0.000) (0.000 1.000 0.000) (0.000 0.000 1.000) (110305.055 -44000.766 -803.836) ) Det=1.00000
Informational,Omni43,TM=( (1.000 0.000 0.000) (0.000 1.000 0.000) (0.000 0.000 1.000) (122439.422 -47646.676 -803.836) ) Det=1.00000
Informational,Omni44,TM=( (1.000 0.000 0.000) (0.000 1.000 0.000) (0.000 0.000 1.000) (130765.859 -40272.594 -803.836) ) Det=1.00000
Informational,Omni45,TM=( (1.000 0.000 0.000) (0.000 1.000 0.000) (0.000 0.000 1.000) (129335.641 -30118.867 -803.836) ) Det=1.00000
Informational,Omni46,TM=( (1.000 0.000 0.000) (0.000 1.000 0.000) (0.000 0.000 1.000) (127966.805 -20067.156 -803.836) ) Det=1.00000
Informational,Omni47,TM=( (1.000 0.000 0.000) (0.000 1.000 0.000) (0.000 0.000 1.000) (126651.133 -9837.926 -803.836) ) Det=1.00000
Informational,Omni48,TM=( (1.000 0.000 0.000) (0.000 1.000 0.000) (0.000 0.000 1.000) (126787.758 -740.393 -803.836) ) Det=1.00000
Informational,Omni49,TM=( (1.000 0.000 0.000) (0.000 1.000 0.000) (0.000 0.000 1.000) (133851.672 6712.866 -803.836) ) Det=1.00000
Informational,Omni50,TM=( (1.000 0.000 0.000) (0.000 1.000 0.000) (0.000 0.000 1.000) (140801.656 13938.541 -803.836) ) Det=1.00000
Informational,Omni51,TM=( (1.000 0.000 0.000) (0.000 1.000 0.000) (0.000 0.000 1.000) (147957.313 21303.863 -803.836) ) Det=1.00000
Informational,Omni52,TM=( (1.000 0.000 0.000) (0.000 1.000 0.000) (0.000 0.000 1.000) (155414.641 26380.850 -803.836) ) Det=1.00000
Informational,Omni53,TM=( (1.000 0.000 0.000) (0.000 1.000 0.000) (0.000 0.000 1.000) (165448.359 25760.980 -803.836) ) Det=1.00000
Informational,Omni54,TM=( (1.000 0.000 0.000) (0.000 1.000 0.000) (0.000 0.000 1.000) (175676.859 25245.641 -803.836) ) Det=1.00000
Informational,Omni55,TM=( (1.000 0.000 0.000) (0.000 1.000 0.000) (0.000 0.000 1.000) (185789.688 24524.398 -803.836) ) Det=1.00000
Informational,Omni56,TM=( (1.000 0.000 0.000) (0.000 1.000 0.000) (0.000 0.000 1.000) (193571.813 22684.340 -803.836) ) Det=1.00000
Informational,Omni57,TM=( (1.000 0.000 0.000) (0.000 1.000 0.000) (0.000 0.000 1.000) (196461.313 12901.891 -803.836) ) Det=1.00000
Informational,Omni58,TM=( (1.000 0.000 0.000) (0.000 1.000 0.000) (0.000 0.000 1.000) (199264.594 3219.805 -803.836) ) Det=1.00000
Informational,Omni59,TM=( (1.000 0.000 0.000) (0.000 1.000 0.000) (0.000 0.000 1.000) (202076.406 -6732.025 -803.836) ) Det=1.00000
Informational,Omni60,TM=( (1.000 0.000 0.000) (0.000 1.000 0.000) (0.000 0.000 1.000) (204139.938 -16169.348 -803.836) ) Det=1.00000
Informational,Omni61,TM=( (1.000 0.000 0.000) (0.000 1.000 0.000) (0.000 0.000 1.000) (203303.531 -26452.951 -803.836) ) Det=1.00000
Informational,Omni62,TM=( (1.000 0.000 0.000) (0.000 1.000 0.000) (0.000 0.000 1.000) (202468.125 -36469.754 -803.836) ) Det=1.00000
Informational,Omni63,TM=( (1.000 0.000 0.000) (0.000 1.000 0.000) (0.000 0.000 1.000) (201632.656 -46734.070 -803.836) ) Det=1.00000
Informational,Omni64,TM=( (1.000 0.000 0.000) (0.000 1.000 0.000) (0.000 0.000 1.000) (199967.906 -55785.203 -803.836) ) Det=1.00000
Informational,Omni65,TM=( (1.000 0.000 0.000) (0.000 1.000 0.000) (0.000 0.000 1.000) (192925.250 -63330.234 -803.836) ) Det=1.00000
Informational,Omni66,TM=( (1.000 0.000 0.000) (0.000 1.000 0.000) (0.000 0.000 1.000) (185959.953 -70633.984 -803.836) ) Det=1.00000
Informational,Omni67,TM=( (1.000 0.000 0.000) (0.000 1.000 0.000) (0.000 0.000 1.000) (178910.781 -77938.242 -803.836) ) Det=1.00000
Informational,Omni68,TM=( (1.000 0.000 0.000) (0.000 1.000 0.000) (0.000 0.000 1.000) (171952.828 -85394.898 -803.836) ) Det=1.00000
Informational,Omni69,TM=( (1.000 0.000 0.000) (0.000 1.000 0.000) (0.000 0.000 1.000) (164978.109 -92630.188 -803.836) ) Det=1.00000
Informational,Omni70,TM=( (1.000 0.000 0.000) (0.000 1.000 0.000) (0.000 0.000 1.000) (158094.516 -100018.000 -803.836) ) Det=1.00000
Informational,Omni71,TM=( (1.000 0.000 0.000) (0.000 1.000 0.000) (0.000 0.000 1.000) (150888.109 -107392.523 -803.836) ) Det=1.00000
Informational,Omni72,TM=( (1.000 0.000 0.000) (0.000 1.000 0.000) (0.000 0.000 1.000) (143824.516 -114701.828 -803.836) ) Det=1.00000
Informational,Omni73,TM=( (1.000 0.000 0.000) (0.000 1.000 0.000) (0.000 0.000 1.000) (136603.859 -121915.219 -803.836) ) Det=1.00000
Informational,Omni74,TM=( (1.000 0.000 0.000) (0.000 1.000 0.000) (0.000 0.000 1.000) (129474.625 -129198.398 -803.836) ) Det=1.00000
Informational,Omni75,TM=( (1.000 0.000 0.000) (0.000 1.000 0.000) (0.000 0.000 1.000) (122412.688 -134266.500 -803.836) ) Det=1.00000
Informational,Omni76,TM=( (1.000 0.000 0.000) (0.000 1.000 0.000) (0.000 0.000 1.000) (112214.039 -134266.500 -803.836) ) Det=1.00000
Informational,Omni77,TM=( (1.000 0.000 0.000) (0.000 1.000 0.000) (0.000 0.000 1.000) (102027.617 -134266.500 -803.836) ) Det=1.00000
Informational,Omni78,TM=( (1.000 0.000 0.000) (0.000 1.000 0.000) (0.000 0.000 1.000) (94238.898 -133003.281 -803.836) ) Det=1.00000
Informational,Omni79,TM=( (1.000 0.000 0.000) (0.000 1.000 0.000) (0.000 0.000 1.000) (89604.688 -124376.008 -803.836) ) Det=1.00000
Informational,Omni80,TM=( (1.000 0.000 0.000) (0.000 1.000 0.000) (0.000 0.000 1.000) (84626.797 -115337.469 -803.836) ) Det=1.00000
Informational,Omni81,TM=( (1.000 0.000 0.000) (0.000 1.000 0.000) (0.000 0.000 1.000) (80062.367 -106716.664 -803.836) ) Det=1.00000
Informational,Omni82,TM=( (1.000 0.000 0.000) (0.000 1.000 0.000) (0.000 0.000 1.000) (75493.781 -98006.570 -803.836) ) Det=1.00000
Informational,Omni83,TM=( (1.000 0.000 0.000) (0.000 1.000 0.000) (0.000 0.000 1.000) (70514.852 -88952.633 -803.836) ) Det=1.00000
Informational,Omni84,TM=( (1.000 0.000 0.000) (0.000 1.000 0.000) (0.000 0.000 1.000) (66121.266 -80577.117 -803.836) ) Det=1.00000
Informational,Omni85,TM=( (1.000 0.000 0.000) (0.000 1.000 0.000) (0.000 0.000 1.000) (61312.758 -71619.727 -803.836) ) Det=1.00000
Informational,Omni86,TM=( (1.000 0.000 0.000) (0.000 1.000 0.000) (0.000 0.000 1.000) (56501.484 -62749.160 -803.836) ) Det=1.00000
Informational,Omni87,TM=( (1.000 0.000 0.000) (0.000 1.000 0.000) (0.000 0.000 1.000) (50277.914 -53793.617 -803.836) ) Det=1.00000
Informational,Omni88,TM=( (1.000 0.000 0.000) (0.000 1.000 0.000) (0.000 0.000 1.000) (41661.539 -48413.195 -803.836) ) Det=1.00000
Informational,Omni89,TM=( (1.000 0.000 0.000) (0.000 1.000 0.000) (0.000 0.000 1.000) (33055.492 -42959.680 -803.836) ) Det=1.00000
Informational,Omni90,TM=( (1.000 0.000 0.000) (0.000 1.000 0.000) (0.000 0.000 1.000) (24415.707 -37486.648 -803.836) ) Det=1.00000
Informational,Omni91,TM=( (1.000 0.000 0.000) (0.000 1.000 0.000) (0.000 0.000 1.000) (15703.509 -32023.461 -803.836) ) Det=1.00000
Informational,Omni92,TM=( (1.000 0.000 0.000) (0.000 1.000 0.000) (0.000 0.000 1.000) (7235.072 -26707.756 -803.836) ) Det=1.00000
Informational,Omni93,TM=( (1.000 0.000 0.000) (0.000 1.000 0.000) (0.000 0.000 1.000) (-304.725 -20909.514 -803.836) ) Det=1.00000
Informational,Omni94,TM=( (1.000 0.000 0.000) (0.000 1.000 0.000) (0.000 0.000 1.000) (-3777.779 -12033.839 -803.836) ) Det=1.00000
Informational,Omni95,TM=( (1.000 0.000 0.000) (0.000 1.000 0.000) (0.000 0.000 1.000) (-3777.779 -2015.380 -803.836) ) Det=1.00000
Informational,Omni96,TM=( (1.000 0.000 0.000) (0.000 1.000 0.000) (0.000 0.000 1.000) (-3777.779 8265.521 -803.836) ) Det=1.00000
Informational,Omni97,TM=( (1.000 0.000 0.000) (0.000 1.000 0.000) (0.000 0.000 1.000) (-3188.767 18210.406 -803.836) ) Det=1.00000
Informational,Omni98,TM=( (1.000 0.000 0.000) (0.000 1.000 0.000) (0.000 0.000 1.000) (-1611.218 27335.926 -803.836) ) Det=1.00000
Informational,Omni99,TM=( (1.000 0.000 0.000) (0.000 1.000 0.000) (0.000 0.000 1.000) (4930.501 34458.609 -803.836) ) Det=1.00000
Informational,Omni100,TM=( (1.000 0.000 0.000) (0.000 1.000 0.000) (0.000 0.000 1.000) (13450.806 38837.145 -803.836) ) Det=1.00000
Informational,Omni101,TM=( (1.000 0.000 0.000) (0.000 1.000 0.000) (0.000 0.000 1.000) (21807.727 -27776.197 3750.736) ) Det=1.00000
Informational,Omni102,TM=( (1.000 0.000 0.000) (0.000 1.000 0.000) (0.000 0.000 1.000) (74778.289 26593.602 10710.609) ) Det=1.00000
Informational,Omni103,TM=( (1.000 0.000 0.000) (0.000 1.000 0.000) (0.000 0.000 1.000) (4811.305 26702.344 7164.904) ) Det=1.00000
Informational,Omni104,TM=( (1.000 0.000 0.000) (0.000 1.000 0.000) (0.000 0.000 1.000) (45845.547 36009.223 -9140.592) ) Det=1.00000
Informational,Omni105,TM=( (1.000 0.000 0.000) (0.000 1.000 0.000) (0.000 0.000 1.000) (45845.547 36009.223 8205.689) ) Det=1.00000
Informational,Omni106,TM=( (1.000 0.000 0.000) (0.000 1.000 0.000) (0.000 0.000 1.000) (113376.273 -123511.883 11425.113) ) Det=1.00000
Informational,Omni107,TM=( (1.000 0.000 0.000) (0.000 1.000 0.000) (0.000 0.000 1.000) (165823.641 -17212.375 7164.904) ) Det=1.00000
Informational,Omni108,TM=( (1.000 0.000 0.000) (0.000 1.000 0.000) (0.000 0.000 1.000) (147251.359 -91041.563 5719.845) ) Det=1.00000
Informational,Omni109,TM=( (1.000 0.000 0.000) (0.000 1.000 0.000) (0.000 0.000 1.000) (92450.156 -3632.789 4781.648) ) Det=1.00000
Informational,Omni110,TM=( (1.000 0.000 0.000) (0.000 1.000 0.000) (0.000 0.000 1.000) (123665.477 -60254.039 -19275.094) ) Det=1.00000
Informational,Omni111,TM=( (1.000 0.000 0.000) (0.000 1.000 0.000) (0.000 0.000 1.000) (144743.859 -19578.104 -29510.436) ) Det=1.00000
Informational,Omni112,TM=( (1.000 0.000 0.000) (0.000 1.000 0.000) (0.000 0.000 1.000) (169029.063 7253.984 -16537.941) ) Det=1.00000
Informational,Omni113,TM=( (1.000 0.000 0.000) (0.000 1.000 0.000) (0.000 0.000 1.000) (86586.023 -72983.727 7164.904) ) Det=1.00000
Informational,Omni114,TM=( (1.000 0.000 0.000) (0.000 1.000 0.000) (0.000 0.000 1.000) (53922.000 36009.223 -9140.592) ) Det=1.00000
Informational,Omni115,TM=( (1.000 0.000 0.000) (0.000 1.000 0.000) (0.000 0.000 1.000) (45824.363 36009.223 -18194.049) ) Det=1.00000
